Amos Eaton 400 Level Cartesian

y = 15
(6,15) 400
(18.7,15) 402
(30,15) 402
(32,15) 436
(37.5,15) 404
(42.5,15) 430
(47,15) 405
(56.7,15) 406
(61.8,15) 429
(65,15) 407
(71.8,15) 408
(80.5,15) 409
(85,15) 427
(90,15) 410
(90,15) 410A
(95.5,15) 411

x = 95.5
(95.5,18) 412
(95.5,29.5) 414
(95.5,34.5) 415

y = 35
(95,35) 400G stairs
(90.5,35) 416
(85,35) 434
(80.8,35) 417
(72.8,35) 418
(65.8,35) 433
(65,35) 419
(56.7,35) 420
(46.8,35) 432
(46.4, 35) 421
(42.5,35) 431
(37.7, 35) 422
(32,35) 436
(18.7,35) 424
(15,35) 435B
(15,35) 425A
(2.5,35) 400B

x = 15
(15,15) 400
(15,20) 401