Amos Eaton 300 Level Cartesian

y = 30
(23,35) 302A
(28,35) 315
(30,15) 305
(43.5,35) 306
(46.5,35) 315
(51,35) 316A
(57,35) 307
(62.5,35) 308
(69,35) 309
(70,35) 316B
(74,35) 317
(81,35) 310
(84.4,35) 311
(94,35) 312

x = 95.5
(95.5,34.5) 319
(95.5,31.5) 320
(95.5,18) 322

y = 15
(95,15) 333
(84.4,15) 332
(81,15) 331
(74.4,15) 317
(68.5,15) 330
(68,15) 316B
(65,15) 329
(51,15) 316A
(51,15) 328
(47.5,15) 327
(33.5,15) 326
(30,15) 325
(22,15) 336
(19,15) 337
(5.5,15) 335ef

x = 23
(23,33.5) 302A
(23,19) 302
